chrom	pos	ref	reads_all	deletions	insertions	A	C	T	G	N
chr1	14359	G	1	0	0	0	0	0	1	0
chr1	14360	C	1	0	0	0	1	0	0	0
chr1	14361	A	1	0	0	1	0	0	0	0
chr1	14362	T	1	0	0	0	0	1	0	0
chr1	14363	C	1	0	0	0	1	0	0	0
chr1	14364	C	1	0	0	0	1	0	0	0
chr1	14365	T	1	0	0	0	0	1	0	0
chr1	14366	G	1	0	0	0	0	0	1	0
chr1	14367	C	1	0	0	0	1	0	0	0
chr1	14368	A	1	0	0	1	0	0	0	0
chr1	14369	C	1	0	0	0	1	0	0	0
chr1	14370	A	1	0	0	1	0	0	0	0
chr1	14371	G	1	0	0	0	0	0	1	0
chr1	14372	C	1	0	0	0	1	0	0	0
chr1	14373	T	1	0	1	0	0	1	0	0
chr1	14374	A	1	0	0	1	0	0	0	0
chr1	14375	G	1	0	0	0	0	0	1	0
chr1	14376	A	1	0	0	0	0	1	0	0
chr1	14377	G	1	0	0	0	0	0	1	0
chr1	14378	A	1	0	0	1	0	0	0	0
chr1	14379	T	1	0	0	0	0	1	0	0
chr1	14380	C	1	0	0	0	1	0	0	0
chr1	14381	C	1	0	0	0	1	0	0	0
chr1	14382	T	1	1	0	0	0	0	0	0
chr1	14383	T	1	0	0	0	0	1	0	0
chr1	14384	T	1	0	0	0	0	1	0	0
chr1	14385	A	1	0	0	1	0	0	0	0
chr1	14386	T	1	0	0	0	0	1	0	0
chr1	14387	T	1	0	0	0	0	1	0	0
chr1	14388	A	1	1	0	0	0	0	0	0
chr1	14389	A	1	1	0	0	0	0	0	0
chr1	14390	A	1	0	0	1	0	0	0	0
chr1	14391	A	1	0	0	1	0	0	0	0
chr1	14392	G	1	0	0	0	0	0	1	0
chr1	14393	C	1	0	0	0	1	0	0	0
chr1	14394	A	1	0	0	1	0	0	0	0
chr1	14395	C	1	0	0	0	1	0	0	0
chr1	14396	A	1	0	0	1	0	0	0	0
chr1	14397	C	1	0	0	0	1	0	0	0
chr1	14398	T	1	0	0	0	0	1	0	0
chr1	14399	G	1	1	0	0	0	0	0	0
chr1	14400	T	1	1	0	0	0	0	0	0
chr1	14401	T	1	1	0	0	0	0	0	0
chr1	14402	G	2	1	0	0	0	0	1	0
chr1	14403	G	2	0	0	0	0	0	2	0
chr1	14404	T	8	0	0	0	0	8	0	0
chr1	14405	T	8	0	0	0	0	8	0	0
chr1	14406	T	8	0	0	0	0	8	0	0
chr1	14407	C	8	0	0	1	7	0	0	0
chr1	14408	T	8	0	0	0	0	8	0	0
chr1	14409	G	8	1	0	0	0	0	7	0
chr1	14410	C	10	0	0	0	9	1	0	0
chr1	14411	T	11	0	0	0	0	11	0	0
chr1	14412	C	11	0	0	0	11	0	0	0
chr1	14413	A	11	0	0	11	0	0	0	0
chr1	14414	G	11	0	0	0	0	0	11	0
chr1	14415	T	11	0	0	0	0	11	0	0
chr1	14416	T	11	0	0	0	0	11	0	0
chr1	14417	C	11	0	1	0	11	0	0	0
chr1	14418	T	11	0	0	0	0	11	0	0
chr1	14419	T	11	1	0	0	0	10	0	0
chr1	14420	T	11	1	1	0	0	10	0	0
chr1	14421	A	11	1	0	9	0	0	1	0
chr1	14422	T	11	0	0	0	0	11	0	0
chr1	14423	T	11	0	0	0	0	11	0	0
chr1	14424	G	11	0	2	0	0	0	11	0
chr1	14425	A	11	0	0	10	0	1	0	0
chr1	14426	T	12	0	0	0	0	11	1	0
chr1	14427	T	12	0	0	0	1	11	0	0
chr1	14428	G	12	0	0	0	0	1	11	0
chr1	14429	G	12	0	1	0	0	0	12	0
chr1	14430	T	12	0	0	1	0	11	0	0
chr1	14431	G	12	0	0	0	0	0	12	0
chr1	14432	T	12	0	0	0	0	12	0	0
chr1	14433	G	12	1	1	0	0	0	11	0
chr1	14434	C	12	1	0	0	11	0	0	0
chr1	14435	C	12	1	2	0	11	0	0	0
chr1	14436	G	12	4	0	5	0	2	1	0
chr1	14437	T	12	0	0	4	0	8	0	0
chr1	14438	T	12	0	0	0	0	12	0	0
chr1	14439	T	12	1	0	0	0	11	0	0
chr1	14440	T	12	2	0	0	0	10	0	0
chr1	14441	C	12	2	0	0	10	0	0	0
chr1	14442	T	12	0	0	0	0	12	0	0
chr1	14443	C	12	1	0	0	11	0	0	0
chr1	14444	T	12	1	0	0	0	11	0	0
chr1	14445	G	12	2	0	0	0	0	10	0
chr1	14446	G	12	0	1	0	0	0	12	0
chr1	14447	A	12	2	0	10	0	0	0	0
chr1	14448	A	12	1	0	11	0	0	0	0
chr1	14449	G	12	2	0	0	0	0	10	0
chr1	14450	C	12	0	0	0	11	1	0	0
chr1	14451	C	12	2	0	0	10	0	0	0
chr1	14452	T	12	2	0	0	0	10	0	0
chr1	14453	C	12	0	1	0	12	0	0	0
chr1	14454	T	12	0	1	0	0	12	0	0
chr1	14455	T	12	0	2	0	0	12	0	0
chr1	14456	A	12	1	4	9	0	2	0	0
chr1	14457	A	12	0	0	9	0	1	2	0
chr1	14458	G	12	1	2	3	0	0	8	0
chr1	14459	A	12	0	0	12	0	0	0	0
chr1	14460	A	12	0	0	12	0	0	0	0
chr1	14461	C	12	0	0	0	12	0	0	0
chr1	14462	A	12	0	0	11	0	0	0	0
chr1	14463	C	12	0	0	0	11	0	0	0
chr1	14464	A	12	0	1	11	0	0	0	0
chr1	14465	G	12	0	1	0	0	0	11	0
chr1	14466	T	12	0	0	0	1	10	0	0
chr1	14467	G	12	1	0	0	0	0	10	0
chr1	14468	G	12	1	0	0	0	0	10	0
chr1	14469	C	12	1	0	0	10	0	0	0
chr1	14470	G	12	0	0	3	0	0	8	0
chr1	14471	C	12	0	0	0	10	0	1	0
chr1	14472	A	12	0	1	11	0	0	0	0
chr1	14473	G	12	1	1	0	0	0	10	0
chr1	14474	G	12	0	0	0	0	0	11	0
chr1	14475	C	12	1	0	0	10	0	0	0
chr1	14476	T	12	0	0	0	0	11	0	0
chr1	14477	G	12	2	3	0	0	0	9	0
chr1	14478	G	12	0	1	0	0	0	11	0
chr1	14479	G	12	0	0	0	0	0	11	0
chr1	14480	T	12	0	0	0	0	11	0	0
chr1	14481	G	12	2	0	0	0	0	9	0
chr1	14482	G	12	1	1	0	0	0	10	0
chr1	14483	A	12	1	0	10	0	0	0	0
chr1	14484	G	12	0	0	1	0	1	9	0
chr1	14485	C	12	0	0	0	10	1	0	0
chr1	14486	C	12	0	0	0	10	1	0	0
chr1	14487	G	12	0	0	0	0	0	11	0
chr1	14488	T	12	0	0	0	0	11	0	0
chr1	14489	C	12	6	0	1	4	0	0	0
chr1	14490	C	12	4	0	0	7	0	0	0
chr1	14491	C	12	0	0	0	11	0	0	0
chr1	14492	C	12	0	0	0	10	1	0	0
chr1	14493	C	12	3	0	0	3	4	1	0
chr1	14494	C	12	3	0	0	5	1	2	0
chr1	14495	A	12	3	0	7	0	0	1	0
chr1	14496	T	12	2	0	0	0	9	0	0
chr1	14497	G	12	6	1	0	1	0	4	0
chr1	14498	G	12	2	1	0	0	0	9	0
chr1	14499	A	12	0	0	11	0	0	0	0
chr1	14500	G	12	0	3	0	0	0	11	0
chr1	14501	C	12	0	0	0	11	0	0	0
chr1	14502	A	12	0	1	10	0	0	1	0
chr1	14503	C	12	0	0	0	11	0	0	0
chr1	14504	A	12	0	0	11	0	0	0	0
chr1	14505	G	12	0	1	0	0	0	11	0
chr1	14506	G	12	0	0	0	0	0	11	0
chr1	14507	C	12	0	0	0	11	0	0	0
chr1	14508	A	12	0	0	11	0	0	0	0
chr1	14509	G	12	0	0	2	0	0	9	0
chr1	14510	A	12	0	0	11	0	0	0	0
chr1	14511	C	12	0	0	0	11	0	0	0
chr1	14512	A	12	2	0	9	0	0	0	0
chr1	14513	G	12	2	0	1	0	0	8	0
chr1	14514	A	12	0	1	10	0	0	1	0
chr1	14515	A	12	0	1	11	0	0	0	0
chr1	14516	G	12	0	0	0	0	0	11	0
chr1	14517	T	12	0	0	1	0	10	0	0
chr1	14518	C	12	2	0	0	8	0	1	0
chr1	14519	C	12	2	0	0	8	1	0	0
chr1	14520	C	12	1	1	1	9	0	0	0
chr1	14521	C	12	3	0	0	8	0	0	0
chr1	14522	G	12	4	0	6	1	0	0	0
chr1	14523	C	12	0	0	3	8	0	0	0
chr1	14524	C	12	0	0	1	10	0	0	0
chr1	14525	C	12	0	0	0	11	0	0	0
chr1	14526	C	12	0	0	0	11	0	0	0
chr1	14527	A	12	0	0	11	0	0	0	0
chr1	14528	G	12	0	0	1	0	0	10	0
chr1	14529	C	12	0	0	0	10	1	0	0
chr1	14530	T	12	2	0	0	0	9	0	0
chr1	14531	G	12	3	0	0	0	0	8	0
chr1	14532	T	12	3	1	0	0	8	0	0
chr1	14533	G	12	2	0	1	0	0	8	0
chr1	14534	T	12	1	0	0	1	9	0	0
chr1	14535	G	12	1	1	0	0	0	10	0
chr1	14536	G	12	1	0	0	0	1	9	0
chr1	14537	C	12	1	0	0	10	0	0	0
chr1	14538	C	12	0	0	1	9	1	0	0
chr1	14539	T	12	0	0	0	0	11	0	0
chr1	14540	C	12	0	0	0	10	1	0	0
chr1	14541	A	12	0	1	10	0	0	1	0
chr1	14542	A	12	0	0	0	0	2	9	0
chr1	14543	G	12	0	0	0	0	0	11	0
chr1	14544	C	12	0	0	0	11	0	0	0
chr1	14545	C	12	0	0	0	11	0	0	0
chr1	14546	A	12	0	0	11	0	0	0	0
chr1	14547	G	12	0	0	0	0	0	11	0
chr1	14548	C	12	0	0	0	11	0	0	0
chr1	14549	C	12	0	0	0	11	0	0	0
chr1	14550	T	12	2	0	0	0	9	0	0
chr1	14551	T	12	0	0	0	0	11	0	0
chr1	14552	C	12	1	0	0	10	0	0	0
chr1	14553	C	12	1	1	0	7	3	0	0
chr1	14554	G	12	1	0	0	0	1	9	0
chr1	14555	C	12	0	0	0	10	1	0	0
chr1	14556	T	12	0	1	0	0	11	0	0
chr1	14557	C	12	0	0	0	10	1	0	0
chr1	14558	C	12	1	0	0	10	0	0	0
chr1	14559	T	12	1	0	0	0	10	0	0
chr1	14560	T	12	1	0	0	0	10	0	0
chr1	14561	G	12	2	0	1	0	1	7	0
chr1	14562	A	12	5	0	5	0	0	1	0
chr1	14563	A	12	3	0	8	0	0	0	0
chr1	14564	G	12	1	1	0	0	0	10	0
chr1	14565	C	12	0	0	1	10	0	0	0
chr1	14566	T	12	0	0	0	1	10	0	0
chr1	14567	G	12	0	0	0	0	1	10	0
chr1	14568	G	12	0	0	0	0	0	11	0
chr1	14569	T	12	1	0	0	0	10	0	0
chr1	14570	C	12	1	0	0	10	0	0	0
chr1	14571	T	12	0	0	0	0	11	0	0
chr1	14572	C	12	2	1	0	9	0	0	0
chr1	14573	C	12	1	1	0	8	2	0	0
chr1	14574	A	12	1	0	1	0	0	9	0
chr1	14575	C	12	0	0	0	9	1	1	0
chr1	14576	A	12	0	0	10	0	0	1	0
chr1	14577	C	12	0	0	0	11	0	0	0
chr1	14578	A	12	0	0	11	0	0	0	0
chr1	14579	G	12	0	0	0	0	0	11	0
chr1	14580	T	12	0	1	0	0	11	0	0
chr1	14581	G	12	1	0	0	0	0	10	0
chr1	14582	C	12	0	0	0	11	0	0	0
chr1	14583	T	12	0	1	1	0	10	0	0
chr1	14584	G	12	0	0	0	0	0	11	0
chr1	14585	G	12	0	0	0	0	0	11	0
chr1	14586	T	12	0	0	0	0	11	0	0
chr1	14587	T	12	0	0	0	0	11	0	0
chr1	14588	C	12	0	0	0	11	0	0	0
chr1	14589	C	12	0	1	0	10	1	0	0
chr1	14590	G	12	0	0	11	0	0	0	0
chr1	14591	T	12	0	0	0	0	11	0	0
chr1	14592	C	12	0	0	0	11	0	0	0
chr1	14593	A	12	0	0	11	0	0	0	0
chr1	14594	C	12	8	1	0	3	0	0	0
chr1	14595	C	12	7	0	0	4	0	0	0
chr1	14596	C	12	1	0	0	10	0	0	0
chr1	14597	C	12	1	0	0	10	0	0	0
chr1	14598	C	12	1	0	0	10	0	0	0
chr1	14599	T	12	1	0	8	0	2	0	0
chr1	14600	C	12	0	2	1	10	0	0	0
chr1	14601	C	12	0	0	0	11	0	0	0
chr1	14602	C	12	0	0	0	11	0	0	0
chr1	14603	A	12	4	0	4	2	1	0	0
chr1	14604	A	12	0	0	7	0	1	3	0
chr1	14605	G	12	0	0	0	0	0	11	0
chr1	14606	G	12	0	0	0	0	0	11	0
chr1	14607	A	12	2	0	4	0	1	4	0
chr1	14608	A	12	0	0	10	0	0	1	0
chr1	14609	G	12	2	0	0	1	0	8	0
chr1	14610	T	12	0	0	0	10	0	1	0
chr1	14611	A	12	0	0	11	0	0	0	0
chr1	14612	G	12	0	1	0	0	0	11	0
chr1	14613	G	12	0	0	0	0	0	11	0
chr1	14614	T	12	0	1	0	0	11	0	0
chr1	14615	C	12	0	0	0	11	0	0	0
chr1	14616	T	12	0	1	0	0	11	0	0
chr1	14617	G	12	0	1	0	0	1	10	0
chr1	14618	A	12	2	0	9	0	0	0	0
chr1	14619	G	12	1	1	0	0	0	10	0
chr1	14620	C	12	1	0	0	8	2	0	0
chr1	14621	A	12	0	1	11	0	0	0	0
chr1	14622	G	12	0	0	0	0	0	11	0
chr1	14623	C	12	0	1	0	11	0	0	0
chr1	14624	T	12	0	0	0	0	11	0	0
chr1	14625	T	12	0	0	0	0	11	0	0
chr1	14626	G	12	0	0	0	0	0	11	0
chr1	14627	T	12	0	1	0	0	11	0	0
chr1	14628	C	12	0	0	0	11	0	0	0
chr1	14629	C	12	0	0	0	11	0	0	0
chr1	14630	T	12	0	0	0	0	11	0	0
chr1	14631	G	12	1	0	0	0	0	10	0
chr1	14632	G	12	1	0	0	0	0	10	0
chr1	14633	C	12	1	0	0	10	0	0	0
chr1	14634	T	12	2	0	0	1	8	0	0
chr1	14635	G	12	2	0	1	0	0	8	0
chr1	14636	T	12	1	0	0	0	9	1	0
chr1	14637	G	12	2	0	1	0	0	8	0
chr1	14638	T	12	1	0	1	0	9	0	0
chr1	14639	C	12	1	1	0	10	0	0	0
chr1	14640	C	12	1	2	0	10	0	0	0
chr1	14641	A	12	0	0	11	0	0	0	0
chr1	14642	T	12	1	0	0	0	10	0	0
chr1	14643	G	12	1	0	0	0	0	10	0
chr1	14644	T	12	0	0	0	1	10	0	0
chr1	14645	C	12	0	1	1	9	1	0	0
chr1	14646	A	12	0	1	10	0	1	0	0
chr1	14647	G	12	0	0	2	0	1	8	0
chr1	14648	A	12	0	0	10	0	0	1	0
chr1	14649	G	12	0	0	0	0	0	11	0
chr1	14650	C	12	0	0	0	10	0	1	0
chr1	14651	A	12	0	1	11	0	0	0	0
chr1	14652	A	12	0	0	10	0	1	0	0
chr1	14653	C	12	0	0	0	0	11	0	0
chr1	14654	G	12	0	0	0	0	0	11	0
chr1	14655	G	12	0	0	0	0	0	11	0
chr1	14656	C	12	0	0	0	11	0	0	0
chr1	14657	C	12	0	0	0	11	0	0	0
chr1	14658	C	12	0	0	0	11	0	0	0
chr1	14659	A	12	2	0	9	0	0	0	0
chr1	14660	A	12	0	0	10	0	0	1	0
chr1	14661	G	12	0	0	0	0	0	11	0
chr1	14662	T	12	0	0	0	0	11	0	0
chr1	14663	C	12	0	0	0	11	0	0	0
chr1	14664	T	12	0	1	0	0	11	0	0
chr1	14665	G	12	0	0	0	0	0	11	0
chr1	14666	G	12	0	0	0	0	0	11	0
chr1	14667	G	12	0	0	0	0	0	11	0
chr1	14668	T	12	0	0	0	0	11	0	0
chr1	14669	C	12	0	0	0	11	0	0	0
chr1	14670	T	12	0	0	0	2	9	0	0
chr1	14671	G	12	5	0	0	0	0	6	0
chr1	14672	G	12	5	0	0	0	0	6	0
chr1	14673	G	12	5	0	0	0	0	6	0
chr1	14674	G	12	3	0	0	0	0	8	0
chr1	14675	G	12	2	0	0	0	0	9	0
chr1	14676	G	12	4	0	1	0	1	5	0
chr1	14677	G	12	4	0	0	0	0	7	0
chr1	14678	A	12	4	0	6	0	0	1	0
chr1	14679	A	12	2	0	9	0	0	0	0
chr1	14680	G	12	2	0	0	0	0	9	0
chr1	14681	G	12	1	0	0	0	0	10	0
chr1	14682	T	12	4	0	1	0	6	0	0
chr1	14683	G	12	0	1	0	0	0	11	0
chr1	14684	T	12	0	0	0	0	11	0	0
chr1	14685	C	12	0	0	0	11	0	0	0
chr1	14686	A	12	1	1	9	0	0	1	0
chr1	14687	T	12	1	1	0	0	9	1	0
chr1	14688	G	12	0	0	0	0	1	10	0
chr1	14689	G	12	0	1	0	0	0	11	0
chr1	14690	A	12	0	0	9	0	2	0	0
chr1	14691	G	12	0	5	0	0	0	11	0
chr1	14692	C	12	3	0	0	6	0	2	0
chr1	14693	C	12	2	0	0	9	0	0	0
chr1	14694	C	12	2	0	0	8	1	0	0
chr1	14695	C	12	0	0	0	10	1	0	0
chr1	14696	C	12	0	0	0	11	0	0	0
chr1	14697	T	12	1	1	0	0	10	0	0
chr1	14698	A	12	0	0	9	0	0	2	0
chr1	14699	C	12	0	0	1	10	0	0	0
chr1	14700	G	12	0	0	1	0	0	10	0
chr1	14701	A	12	0	1	10	0	1	0	0
chr1	14702	T	12	0	1	0	0	11	0	0
chr1	14703	T	12	0	0	0	0	11	0	0
chr1	14704	C	12	2	0	0	9	0	0	0
chr1	14705	C	12	1	1	0	10	0	0	0
chr1	14706	C	12	1	2	0	10	0	0	0
chr1	14707	A	12	0	1	11	0	0	0	0
chr1	14708	G	12	1	1	0	0	0	10	0
chr1	14709	T	12	1	0	0	0	10	0	0
chr1	14710	C	12	1	0	0	10	0	0	0
chr1	14711	G	12	0	1	0	1	0	10	0
chr1	14712	T	12	0	0	0	0	11	0	0
chr1	14713	C	12	0	0	0	11	0	0	0
chr1	14714	C	12	0	0	0	11	0	0	0
chr1	14715	T	12	1	0	0	0	10	0	0
chr1	14716	C	12	1	0	0	10	0	0	0
chr1	14717	G	12	1	0	0	0	0	10	0
chr1	14718	T	12	3	1	0	0	8	0	0
chr1	14719	C	12	3	0	0	8	0	0	0
chr1	14720	C	12	3	0	1	7	0	0	0
chr1	14721	T	12	0	0	0	0	11	0	0
chr1	14722	C	12	0	0	0	11	0	0	0
chr1	14723	C	12	0	0	0	11	0	0	0
chr1	14724	T	12	0	0	0	0	11	0	0
chr1	14725	C	12	0	0	0	11	0	0	0
chr1	14726	T	12	0	0	0	0	11	0	0
chr1	14727	G	12	0	0	0	0	0	11	0
chr1	14728	C	12	0	0	0	11	0	0	0
chr1	14729	C	12	0	0	0	11	0	0	0
chr1	14730	T	12	0	0	0	0	11	0	0
chr1	14731	G	12	0	0	0	0	0	11	0
chr1	14732	T	12	0	0	0	0	11	0	0
chr1	14733	G	12	1	0	0	0	0	10	0
chr1	14734	G	12	1	0	0	0	0	10	0
chr1	14735	C	12	1	1	0	10	0	0	0
chr1	14736	T	12	1	0	0	1	9	0	0
chr1	14737	G	12	2	0	1	0	0	8	0
chr1	14738	C	12	2	1	0	8	1	0	0
chr1	14739	T	12	3	0	0	0	8	0	0
chr1	14740	G	12	4	0	1	0	0	6	0
chr1	14741	C	12	2	0	0	8	1	0	0
chr1	14742	G	12	4	0	0	0	0	7	0
chr1	14743	G	12	1	1	0	0	0	10	0
chr1	14744	T	12	1	0	0	0	10	0	0
chr1	14745	G	12	1	0	0	0	0	10	0
chr1	14746	G	12	1	0	0	0	0	10	0
chr1	14747	C	12	1	0	0	10	0	0	0
chr1	14748	G	12	0	0	0	0	0	11	0
chr1	14749	G	12	0	0	0	0	0	11	0
chr1	14750	C	12	0	0	0	11	0	0	0
chr1	14751	A	12	2	0	9	0	0	0	0
chr1	14752	G	12	5	0	0	0	0	6	0
chr1	14753	A	12	3	0	8	0	0	0	0
chr1	14754	G	12	4	0	0	0	0	7	0
chr1	14755	G	12	2	2	0	0	0	9	0
chr1	14756	A	12	1	1	9	0	0	1	0
chr1	14757	G	12	0	0	0	0	0	11	0
chr1	14758	G	12	0	0	0	0	0	11	0
chr1	14759	G	12	0	0	0	0	0	11	0
chr1	14760	A	12	0	0	11	0	0	0	0
chr1	14761	T	12	0	0	0	0	11	0	0
chr1	14762	G	12	2	0	0	0	0	9	0
chr1	14763	G	12	0	0	0	0	0	11	0
chr1	14764	A	12	2	0	8	0	1	0	0
chr1	14765	G	12	1	1	0	0	2	8	0
chr1	14766	T	12	0	0	0	1	10	0	0
chr1	14767	C	12	0	2	0	11	0	0	0
chr1	14768	T	12	0	1	0	1	10	0	0
chr1	14769	G	12	2	0	0	0	0	9	0
chr1	14770	A	12	5	1	5	1	0	0	0
chr1	14771	C	12	3	0	1	7	0	0	0
chr1	14772	A	12	1	0	9	0	0	1	0
chr1	14773	C	12	2	0	0	9	0	0	0
chr1	14774	G	12	2	0	0	0	0	9	0
chr1	14775	C	12	1	0	0	10	0	0	0
chr1	14776	G	12	1	1	0	0	0	10	0
chr1	14777	G	12	0	0	0	0	0	11	0
chr1	14778	G	12	0	0	0	0	0	11	0
chr1	14779	C	12	0	0	0	11	0	0	0
chr1	14780	A	12	3	0	8	0	0	0	0
chr1	14781	A	12	0	0	9	0	0	2	0
chr1	14782	A	12	0	0	7	0	1	3	0
chr1	14783	G	12	0	0	1	0	1	9	0
chr1	14784	G	12	0	1	0	0	0	11	0
chr1	14785	C	12	1	0	0	9	1	0	0
chr1	14786	T	12	2	0	0	0	9	0	0
chr1	14787	C	12	0	0	0	11	0	0	0
chr1	14788	C	12	0	0	0	11	0	0	0
chr1	14789	T	12	0	0	0	0	11	0	0
chr1	14790	C	12	0	1	0	11	0	0	0
chr1	14791	C	12	0	0	0	7	4	0	0
chr1	14792	G	12	1	0	0	0	0	10	0
chr1	14793	G	12	0	0	0	0	0	11	0
chr1	14794	G	12	1	1	0	0	0	10	0
chr1	14795	C	12	4	0	1	6	0	0	0
chr1	14796	C	12	2	0	0	9	0	0	0
chr1	14797	C	12	0	0	0	11	0	0	0
chr1	14798	C	12	0	0	0	11	0	0	0
chr1	14799	T	12	0	0	0	0	11	0	0
chr1	14800	C	12	1	0	0	10	0	0	0
chr1	14801	A	12	1	1	10	0	0	0	0
chr1	14802	C	12	0	0	0	11	0	0	0
chr1	14803	C	12	0	0	0	10	1	0	0
chr1	14804	A	12	1	0	10	0	0	0	0
chr1	14805	G	12	0	0	0	0	0	11	0
chr1	14806	C	12	3	0	0	8	0	0	0
chr1	14807	C	12	1	0	0	10	0	0	0
chr1	14808	C	12	1	0	1	9	0	0	0
chr1	14809	C	12	0	0	0	10	1	0	0
chr1	14810	A	12	0	2	11	0	0	0	0
chr1	14811	G	12	0	0	0	0	0	11	0
chr1	14812	G	12	0	0	0	0	0	11	0
chr1	14813	T	12	0	0	0	0	11	0	0
chr1	14814	C	12	1	0	0	10	0	0	0
chr1	14815	C	12	0	0	0	11	0	0	0
chr1	14816	T	12	0	0	0	0	11	0	0
chr1	14817	T	11	0	0	0	0	10	0	0
chr1	14818	T	10	0	0	0	0	9	0	0
chr1	14819	C	10	0	0	0	8	1	0	0
chr1	14820	C	10	0	0	0	8	1	0	0
chr1	14821	C	10	0	0	0	9	0	0	0
chr1	14822	A	10	6	2	3	0	0	0	0
chr1	14823	G	10	2	1	0	3	0	4	0
chr1	14824	A	10	0	0	9	0	0	0	0
chr1	14825	G	10	1	0	1	0	0	7	0
chr1	14826	A	10	0	0	9	0	0	0	0
chr1	14827	T	10	0	0	0	0	9	0	0
chr1	14828	G	10	0	0	0	0	0	9	0
chr1	14829	C	10	2	0	0	7	0	0	0
chr1	14830	C	10	0	0	0	0	0	0	0
chr1	14831	T	10	0	0	0	0	0	0	0
chr1	14832	G	10	0	0	0	0	0	0	0
chr1	14833	G	10	0	0	0	0	0	0	0
chr1	14834	A	10	0	0	0	0	0	0	0
chr1	14835	G	10	0	0	0	0	0	0	0
chr1	14836	G	10	0	0	0	0	0	0	0
chr1	14837	G	10	0	0	0	0	0	0	0
chr1	14838	A	10	0	0	0	0	0	0	0
chr1	14839	A	10	0	0	0	0	0	0	0
chr1	14840	A	10	0	0	0	0	0	0	0
chr1	14841	A	10	0	0	0	0	0	0	0
chr1	14842	G	10	0	0	0	0	0	0	0
chr1	14843	G	10	0	0	0	0	0	0	0
chr1	14844	C	10	0	0	0	0	0	0	0
chr1	14845	T	10	0	0	0	0	0	0	0
chr1	14846	G	10	0	0	0	0	0	0	0
chr1	14847	A	10	0	0	0	0	0	0	0
chr1	14848	G	10	0	0	0	0	0	0	0
chr1	14849	T	10	0	0	0	0	0	0	0
chr1	14850	G	10	0	0	0	0	0	0	0
chr1	14851	A	10	0	0	0	0	0	0	0
chr1	14852	G	10	0	0	0	0	0	0	0
chr1	14853	G	10	0	0	0	0	0	0	0
chr1	14854	G	10	0	0	0	0	0	0	0
chr1	14855	T	10	0	0	0	0	0	0	0
chr1	14856	G	10	0	0	0	0	0	0	0
chr1	14857	G	10	0	0	0	0	0	0	0
chr1	14858	T	10	0	0	0	0	0	0	0
chr1	14859	T	10	0	0	0	0	0	0	0
chr1	14860	G	10	0	0	0	0	0	0	0
chr1	14861	G	10	0	0	0	0	0	0	0
chr1	14862	T	10	0	0	0	0	0	0	0
chr1	14863	G	10	0	0	0	0	0	0	0
chr1	14864	G	10	0	0	0	0	0	0	0
chr1	14865	G	10	0	0	0	0	0	0	0
chr1	14866	A	10	0	0	0	0	0	0	0
chr1	14867	A	10	0	0	0	0	0	0	0
chr1	14868	A	10	0	0	0	0	0	0	0
chr1	14869	C	10	0	0	0	0	0	0	0
chr1	14870	C	10	0	0	0	0	0	0	0
chr1	14871	C	10	0	0	0	0	0	0	0
chr1	14872	T	10	0	0	0	0	0	0	0
chr1	14873	G	10	0	0	0	0	0	0	0
chr1	14874	G	10	0	0	0	0	0	0	0
chr1	14875	T	10	0	0	0	0	0	0	0
chr1	14876	T	10	0	0	0	0	0	0	0
chr1	14877	C	10	0	0	0	0	0	0	0
chr1	14878	C	10	0	0	0	0	0	0	0
chr1	14879	C	10	0	0	0	0	0	0	0
chr1	14880	C	10	0	0	0	0	0	0	0
chr1	14881	C	10	0	0	0	0	0	0	0
chr1	14882	A	10	0	0	0	0	0	0	0
chr1	14883	G	10	0	0	0	0	0	0	0
chr1	14884	C	10	0	0	0	0	0	0	0
chr1	14885	C	10	0	0	0	0	0	0	0
chr1	14886	C	10	0	0	0	0	0	0	0
chr1	14887	C	10	0	0	0	0	0	0	0
chr1	14888	C	10	0	0	0	0	0	0	0
chr1	14889	G	10	0	0	0	0	0	0	0
chr1	14890	G	10	0	0	0	0	0	0	0
chr1	14891	A	10	0	0	0	0	0	0	0
chr1	14892	G	10	0	0	0	0	0	0	0
chr1	14893	A	10	0	0	0	0	0	0	0
chr1	14894	C	10	0	0	0	0	0	0	0
chr1	14895	T	10	0	0	0	0	0	0	0
chr1	14896	T	10	0	0	0	0	0	0	0
chr1	14897	A	10	0	0	0	0	0	0	0
chr1	14898	A	10	0	0	0	0	0	0	0
chr1	14899	A	10	0	0	0	0	0	0	0
chr1	14900	T	10	0	0	0	0	0	0	0
chr1	14901	A	10	0	0	0	0	0	0	0
chr1	14902	C	10	0	0	0	0	0	0	0
chr1	14903	A	10	0	0	0	0	0	0	0
chr1	14904	G	10	0	0	0	0	0	0	0
chr1	14905	G	10	0	0	0	0	0	0	0
chr1	14906	A	10	0	0	0	0	0	0	0
chr1	14907	A	10	0	0	0	0	0	0	0
chr1	14908	G	10	0	0	0	0	0	0	0
chr1	14909	A	10	0	0	0	0	0	0	0
chr1	14910	A	10	0	0	0	0	0	0	0
chr1	14911	A	10	0	0	0	0	0	0	0
chr1	14912	A	10	0	0	0	0	0	0	0
chr1	14913	A	10	0	0	0	0	0	0	0
chr1	14914	G	10	0	0	0	0	0	0	0
chr1	14915	G	10	0	0	0	0	0	0	0
chr1	14916	C	10	0	0	0	0	0	0	0
chr1	14917	A	10	0	0	0	0	0	0	0
chr1	14918	G	10	0	0	0	0	0	0	0
chr1	14919	G	10	0	0	0	0	0	0	0
chr1	14920	A	10	0	0	0	0	0	0	0
chr1	14921	C	10	0	0	0	0	0	0	0
chr1	14922	A	10	0	0	0	0	0	0	0
chr1	14923	G	10	0	0	0	0	0	0	0
chr1	14924	A	10	0	0	0	0	0	0	0
chr1	14925	A	10	0	0	0	0	0	0	0
chr1	14926	T	10	0	0	0	0	0	0	0
chr1	14927	T	10	0	0	0	0	0	0	0
chr1	14928	A	10	0	0	0	0	0	0	0
chr1	14929	C	10	0	0	0	0	0	0	0
chr1	14930	A	10	0	0	0	0	0	0	0
chr1	14931	A	10	0	0	0	0	0	0	0
chr1	14932	G	10	0	0	0	0	0	0	0
chr1	14933	G	10	0	0	0	0	0	0	0
chr1	14934	T	10	0	0	0	0	0	0	0
chr1	14935	G	10	0	0	0	0	0	0	0
chr1	14936	C	10	0	0	0	0	0	0	0
chr1	14937	T	10	0	0	0	0	0	0	0
chr1	14938	G	10	0	0	0	0	0	0	0
chr1	14939	G	10	0	0	0	0	0	0	0
chr1	14940	C	10	0	0	0	0	0	0	0
chr1	14941	C	10	0	0	0	0	0	0	0
chr1	14942	C	10	0	0	0	0	0	0	0
chr1	14943	A	10	0	0	0	0	0	0	0
chr1	14944	G	10	0	0	0	0	0	0	0
chr1	14945	G	10	0	0	0	0	0	0	0
chr1	14946	G	10	0	0	0	0	0	0	0
chr1	14947	C	10	0	0	0	0	0	0	0
chr1	14948	G	10	0	0	0	0	0	0	0
chr1	14949	G	10	0	0	0	0	0	0	0
chr1	14950	G	10	0	0	0	0	0	0	0
chr1	14951	C	10	0	0	0	0	0	0	0
chr1	14952	A	10	0	0	0	0	0	0	0
chr1	14953	G	10	0	0	0	0	0	0	0
chr1	14954	C	10	0	0	0	0	0	0	0
chr1	14955	G	10	0	0	0	0	0	0	0
chr1	14956	G	10	0	0	0	0	0	0	0
chr1	14957	C	10	0	0	0	0	0	0	0
chr1	14958	C	10	0	0	0	0	0	0	0
chr1	14959	C	10	0	0	0	0	0	0	0
chr1	14960	T	10	0	0	0	0	0	0	0
chr1	14961	G	10	0	0	0	0	0	0	0
chr1	14962	C	10	0	0	0	0	0	0	0
chr1	14963	C	10	0	0	0	0	0	0	0
chr1	14964	T	10	0	0	0	0	0	0	0
chr1	14965	C	10	0	0	0	0	0	0	0
chr1	14966	C	10	0	0	0	0	0	0	0
chr1	14967	T	10	0	0	0	0	0	0	0
chr1	14968	A	10	0	0	0	0	0	0	0
chr1	14969	C	10	0	0	0	0	0	0	0
chr1	14970	C	10	0	0	0	6	0	0	0
chr1	14971	C	10	0	0	0	6	0	0	0
chr1	14972	T	10	0	0	0	0	6	0	0
chr1	14973	T	10	0	0	0	0	6	0	0
chr1	14974	G	10	0	0	1	0	0	5	0
chr1	14975	C	10	0	1	0	5	0	1	0
chr1	14976	G	10	0	0	0	0	0	6	0
chr1	14977	C	10	0	0	0	6	0	0	0
chr1	14978	C	10	0	0	0	6	0	0	0
chr1	14979	T	10	0	0	0	0	6	0	0
chr1	14980	C	10	0	0	0	6	0	0	0
chr1	14981	A	10	0	0	6	0	0	0	0
chr1	14982	T	10	0	0	0	0	6	0	0
chr1	14983	G	10	0	0	0	0	0	6	0
chr1	14984	A	10	0	0	6	0	0	0	0
chr1	14985	C	10	2	0	0	4	0	0	0
chr1	14986	C	10	0	0	0	6	0	0	0
chr1	14987	A	10	0	0	6	0	0	0	0
chr1	14988	G	10	0	0	0	0	0	6	0
chr1	14989	C	10	0	0	0	6	0	0	0
chr1	14990	T	10	0	0	0	0	6	0	0
chr1	14991	T	10	0	0	0	0	6	0	0
chr1	14992	G	10	0	0	0	0	0	6	0
chr1	14993	T	10	0	0	0	0	6	0	0
chr1	14994	T	10	1	0	0	0	5	0	0
chr1	14995	G	10	3	0	0	0	0	3	0
chr1	14996	A	10	4	0	2	0	0	0	0
chr1	14997	A	10	4	0	2	0	0	0	0
chr1	14998	G	10	3	0	0	0	0	3	0
chr1	14999	A	10	1	0	5	0	0	0	0
chr1	15000	G	10	1	0	1	0	0	4	0
chr1	15001	A	10	0	0	6	0	0	0	0
chr1	15002	T	10	0	0	0	0	6	0	0
chr1	15003	C	10	0	0	0	6	0	0	0
chr1	15004	C	10	0	1	0	6	0	0	0
chr1	15005	G	10	0	0	0	0	1	5	0
chr1	15006	A	10	0	0	6	0	0	0	0
chr1	15007	C	10	0	0	0	6	0	0	0
chr1	15008	A	10	0	0	5	0	0	1	0
chr1	15009	T	10	0	0	0	0	6	0	0
chr1	15010	C	10	0	0	0	6	0	0	0
chr1	15011	A	10	1	0	5	0	0	0	0
chr1	15012	A	10	0	1	6	0	0	0	0
chr1	15013	G	10	0	0	0	0	0	6	0
chr1	15014	T	10	0	0	0	0	6	0	0
chr1	15015	G	10	1	1	0	4	0	1	0
chr1	15016	C	10	0	0	0	6	0	0	0
chr1	15017	C	10	0	1	0	6	0	0	0
chr1	15018	C	10	0	0	0	5	1	0	0
chr1	15019	A	10	0	1	6	0	0	0	0
chr1	15020	C	10	0	0	0	6	0	0	0
chr1	15021	C	10	0	0	0	6	0	0	0
chr1	15022	T	10	2	0	0	0	4	0	0
chr1	15023	T	10	0	0	2	0	4	0	0
chr1	15024	G	10	0	0	0	0	0	6	0
chr1	15025	G	10	0	0	0	0	0	6	0
chr1	15026	C	10	0	1	0	6	0	0	0
chr1	15027	T	10	2	0	0	0	4	0	0
chr1	15028	C	10	0	1	0	6	0	0	0
chr1	15029	G	10	0	0	0	0	0	6	0
chr1	15030	T	10	0	0	0	0	5	1	0
chr1	15031	G	10	0	0	1	0	0	5	0
chr1	15032	G	10	0	0	0	0	0	6	0
chr1	15033	C	10	0	0	0	6	0	0	0
chr1	15034	T	10	0	0	0	0	6	0	0
chr1	15035	C	10	0	0	0	6	0	0	0
chr1	15036	T	10	0	0	0	0	6	0	0
chr1	15037	C	10	0	0	1	5	0	0	0
chr1	15038	A	10	0	0	5	0	0	1	0
chr1	15039	C	10	0	0	0	1	0	0	0
chr1	15040	T	10	0	0	0	0	1	0	0
chr1	15041	G	9	0	0	0	0	0	0	0
chr1	15042	C	9	0	0	0	0	0	0	0
chr1	15043	A	9	0	0	0	0	0	0	0
chr1	15044	A	9	0	0	0	0	0	0	0
chr1	15045	C	9	0	0	0	0	0	0	0
chr1	15046	G	9	0	0	0	0	0	0	0
chr1	15047	G	9	0	0	0	0	0	0	0
chr1	15048	G	9	0	0	0	0	0	0	0
chr1	15049	A	9	0	0	0	0	0	0	0
chr1	15050	A	9	0	0	0	0	0	0	0
chr1	15051	A	9	0	0	0	0	0	0	0
chr1	15052	G	9	0	0	0	0	0	0	0
chr1	15053	C	9	0	0	0	0	0	0	0
chr1	15054	C	9	0	0	0	0	0	0	0
chr1	15055	A	9	0	0	0	0	0	0	0
chr1	15056	C	9	0	0	0	0	0	0	0
chr1	15057	A	9	0	0	0	0	0	0	0
chr1	15058	G	9	0	0	0	0	0	0	0
chr1	15059	A	9	0	0	0	0	0	0	0
chr1	15060	C	9	0	0	0	0	0	0	0
chr1	15061	T	9	0	0	0	0	0	0	0
chr1	15062	G	9	0	0	0	0	0	0	0
chr1	15063	G	9	0	0	0	0	0	0	0
chr1	15064	G	9	0	0	0	0	0	0	0
chr1	15065	G	9	0	0	0	0	0	0	0
chr1	15066	T	9	0	0	0	0	0	0	0
chr1	15067	G	9	0	0	0	0	0	0	0
chr1	15068	A	9	0	0	0	0	0	0	0
chr1	15069	A	9	0	0	0	0	0	0	0
chr1	15070	G	9	0	0	0	0	0	0	0
chr1	15071	A	9	0	0	0	0	0	0	0
chr1	15072	G	9	0	0	0	0	0	0	0
chr1	15073	T	9	0	0	0	0	0	0	0
chr1	15074	T	9	0	0	0	0	0	0	0
chr1	15075	C	9	0	0	0	0	0	0	0
chr1	15076	A	9	0	0	0	0	0	0	0
chr1	15077	G	9	0	0	0	0	0	0	0
chr1	15078	T	9	0	0	0	0	0	0	0
chr1	15079	C	9	0	0	0	0	0	0	0
chr1	15080	A	9	0	0	0	0	0	0	0
chr1	15081	C	9	0	0	0	0	0	0	0
chr1	15082	A	9	0	0	0	0	0	0	0
chr1	15083	T	9	0	0	0	0	0	0	0
chr1	15084	G	9	0	0	0	0	0	0	0
chr1	15085	C	9	0	0	0	0	0	0	0
chr1	15086	G	9	0	0	0	0	0	0	0
chr1	15087	A	9	0	0	0	0	0	0	0
chr1	15088	C	9	0	0	0	0	0	0	0
chr1	15089	C	9	0	0	0	0	0	0	0
chr1	15090	G	9	0	0	0	0	0	0	0
chr1	15091	G	9	0	0	0	0	0	0	0
chr1	15092	T	9	0	0	0	0	0	0	0
chr1	15093	G	9	0	0	0	0	0	0	0
chr1	15094	A	9	0	0	0	0	0	0	0
chr1	15095	C	9	0	0	0	0	0	0	0
chr1	15096	T	9	0	0	0	0	0	0	0
chr1	15097	C	9	0	0	0	0	0	0	0
chr1	15098	C	9	0	0	0	0	0	0	0
chr1	15099	C	9	0	0	0	0	0	0	0
chr1	15100	T	9	0	0	0	0	0	0	0
chr1	15101	G	9	0	0	0	0	0	0	0
chr1	15102	T	9	0	0	0	0	0	0	0
chr1	15103	C	9	0	0	0	0	0	0	0
chr1	15104	C	9	0	0	0	0	0	0	0
chr1	15105	C	9	0	0	0	0	0	0	0
chr1	15106	C	9	0	0	0	0	0	0	0
chr1	15107	A	9	0	0	0	0	0	0	0
chr1	15108	C	9	0	0	0	0	0	0	0
chr1	15109	C	9	0	0	0	0	0	0	0
chr1	15110	C	9	0	0	0	0	0	0	0
chr1	15111	C	9	0	0	0	0	0	0	0
chr1	15112	C	9	0	0	0	0	0	0	0
chr1	15113	A	9	0	0	0	0	0	0	0
chr1	15114	T	9	0	0	0	0	0	0	0
chr1	15115	G	9	0	0	0	0	0	0	0
chr1	15116	A	9	0	0	0	0	0	0	0
chr1	15117	C	9	0	0	0	0	0	0	0
chr1	15118	A	9	0	0	0	0	0	0	0
chr1	15119	C	9	0	0	0	0	0	0	0
chr1	15120	T	9	0	0	0	0	0	0	0
chr1	15121	C	9	0	0	0	0	0	0	0
chr1	15122	C	9	0	0	0	0	0	0	0
chr1	15123	C	9	0	0	0	0	0	0	0
chr1	15124	C	9	0	0	0	0	0	0	0
chr1	15125	A	9	0	0	0	0	0	0	0
chr1	15126	G	9	0	0	0	0	0	0	0
chr1	15127	C	9	0	0	0	0	0	0	0
chr1	15128	C	9	0	0	0	0	0	0	0
chr1	15129	C	9	0	0	0	0	0	0	0
chr1	15130	T	9	0	0	0	0	0	0	0
chr1	15131	C	9	0	0	0	0	0	0	0
chr1	15132	C	9	0	0	0	0	0	0	0
chr1	15133	A	9	0	0	0	0	0	0	0
chr1	15134	A	9	0	0	0	0	0	0	0
chr1	15135	G	9	0	0	0	0	0	0	0
chr1	15136	G	9	0	0	0	0	0	0	0
chr1	15137	C	9	0	0	0	0	0	0	0
chr1	15138	C	9	0	0	0	0	0	0	0
chr1	15139	A	9	0	0	0	0	0	0	0
chr1	15140	C	9	0	0	0	0	0	0	0
chr1	15141	T	9	0	0	0	0	0	0	0
chr1	15142	G	9	0	0	0	0	0	0	0
chr1	15143	T	9	0	0	0	0	0	0	0
chr1	15144	G	9	0	0	0	0	0	0	0
chr1	15145	T	9	0	0	0	0	0	0	0
chr1	15146	T	9	0	0	0	0	0	0	0
chr1	15147	T	9	0	0	0	0	0	0	0
chr1	15148	C	9	0	0	0	0	0	0	0
chr1	15149	C	9	0	0	0	0	0	0	0
chr1	15150	C	9	0	0	0	0	0	0	0
chr1	15151	A	9	0	0	0	0	0	0	0
chr1	15152	G	9	0	0	0	0	0	0	0
chr1	15153	T	9	0	0	0	0	0	0	0
chr1	15154	T	9	0	0	0	0	0	0	0
chr1	15155	A	9	0	0	0	0	0	0	0
chr1	15156	G	9	0	0	0	0	0	0	0
chr1	15157	C	9	0	0	0	0	0	0	0
chr1	15158	T	9	0	0	0	0	0	0	0
chr1	15159	C	9	0	0	0	0	0	0	0
chr1	15160	A	9	0	0	0	0	0	0	0
chr1	15161	G	9	0	0	0	0	0	0	0
chr1	15162	A	9	0	0	0	0	0	0	0
chr1	15163	G	9	0	0	0	0	0	0	0
chr1	15164	C	9	0	0	0	0	0	0	0
chr1	15165	C	9	0	0	0	0	0	0	0
chr1	15166	T	9	0	0	0	0	0	0	0
chr1	15167	C	9	0	0	0	0	0	0	0
chr1	15168	A	9	0	0	0	0	0	0	0
chr1	15169	G	9	0	0	0	0	0	0	0
chr1	15170	T	9	0	0	0	0	0	0	0
chr1	15171	C	9	0	0	0	0	0	0	0
chr1	15172	G	9	0	0	0	0	0	0	0
chr1	15173	A	9	0	0	0	0	0	0	0
chr1	15174	T	9	0	0	0	0	0	0	0
chr1	15175	C	9	0	0	0	0	0	0	0
chr1	15176	C	9	0	0	0	0	0	0	0
chr1	15177	C	9	0	0	0	0	0	0	0
chr1	15178	T	9	0	0	0	0	0	0	0
chr1	15179	G	9	0	0	0	0	0	0	0
chr1	15180	A	9	0	0	0	0	0	0	0
chr1	15181	C	9	0	0	0	0	0	0	0
chr1	15182	C	9	0	0	0	0	0	0	0
chr1	15183	C	9	0	0	0	0	0	0	0
chr1	15184	A	9	0	0	0	0	0	0	0
chr1	15185	G	9	0	0	0	0	0	0	0
chr1	15186	C	9	0	0	0	0	0	0	0
chr1	15187	A	9	0	0	0	0	0	0	0
chr1	15188	C	9	0	0	0	0	0	0	0
chr1	15189	C	9	0	0	0	0	0	0	0
chr1	15190	G	9	0	0	0	0	0	0	0
chr1	15191	G	9	0	0	0	0	0	0	0
chr1	15192	G	9	0	0	0	0	0	0	0
chr1	15193	C	9	0	0	0	0	0	0	0
chr1	15194	A	9	0	0	0	0	0	0	0
chr1	15195	C	9	0	0	0	0	0	0	0
chr1	15196	T	9	0	0	0	0	0	0	0
chr1	15197	G	9	0	0	0	0	0	0	0
chr1	15198	A	9	0	0	0	0	0	0	0
chr1	15199	T	9	0	0	0	0	0	0	0
chr1	15200	G	9	0	0	0	0	0	0	0
chr1	15201	A	9	0	0	0	0	0	0	0
chr1	15202	G	9	0	0	0	0	0	0	0
chr1	15203	A	9	0	0	0	0	0	0	0
chr1	15204	C	9	0	0	0	0	0	0	0
chr1	15205	A	9	0	0	0	0	0	0	0
chr1	15206	G	9	0	0	0	0	0	0	0
chr1	15207	C	9	0	0	0	0	0	0	0
chr1	15208	G	9	0	0	0	0	0	0	0
chr1	15209	G	9	0	0	0	0	0	0	0
chr1	15210	C	9	0	0	0	0	0	0	0
chr1	15211	T	9	0	0	0	0	0	0	0
chr1	15212	G	9	0	0	0	0	0	0	0
chr1	15213	T	9	0	0	0	0	0	0	0
chr1	15214	T	9	0	0	0	0	0	0	0
chr1	15215	T	9	0	0	0	0	0	0	0
chr1	15216	G	9	0	0	0	0	0	0	0
chr1	15217	A	9	0	0	0	0	0	0	0
chr1	15218	G	9	0	0	0	0	0	0	0
chr1	15219	G	9	0	0	0	0	0	0	0
chr1	15220	A	9	0	0	0	0	0	0	0
chr1	15221	G	9	0	0	0	0	0	0	0
chr1	15222	C	9	0	0	0	0	0	0	0
chr1	15223	C	9	0	0	0	0	0	0	0
chr1	15224	A	9	0	0	0	0	0	0	0
chr1	15225	C	9	0	0	0	0	0	0	0
chr1	15226	C	9	0	0	0	0	0	0	0
chr1	15227	T	9	0	0	0	0	0	0	0
chr1	15228	C	9	0	0	0	0	0	0	0
chr1	15229	C	9	0	0	0	0	0	0	0
chr1	15230	C	9	0	0	0	0	0	0	0
chr1	15231	A	9	0	0	0	0	0	0	0
chr1	15232	G	9	0	0	0	0	0	0	0
chr1	15233	C	9	0	0	0	0	0	0	0
chr1	15234	C	9	0	0	0	0	0	0	0
chr1	15235	A	9	0	0	0	0	0	0	0
chr1	15236	C	9	0	0	0	0	0	0	0
chr1	15237	C	9	0	0	0	0	0	0	0
chr1	15238	T	9	0	0	0	0	0	0	0
chr1	15239	C	9	0	0	0	0	0	0	0
chr1	15240	G	9	0	0	0	0	0	0	0
chr1	15241	G	9	0	0	0	0	0	0	0
chr1	15242	G	9	0	0	0	0	0	0	0
chr1	15243	G	9	0	0	0	0	0	0	0
chr1	15244	C	9	0	0	0	0	0	0	0
chr1	15245	C	9	0	0	0	0	0	0	0
chr1	15246	A	9	0	0	0	0	0	0	0
chr1	15247	G	9	0	0	0	0	0	0	0
chr1	15248	G	9	0	0	0	0	0	0	0
chr1	15249	G	9	0	0	0	0	0	0	0
chr1	15250	C	9	0	0	0	0	0	0	0
chr1	15251	C	9	0	0	0	0	0	0	0
chr1	15252	A	9	0	0	0	0	0	0	0
chr1	15253	G	9	0	0	0	0	0	0	0
chr1	15254	G	9	0	0	0	0	0	0	0
chr1	15255	G	9	0	0	0	0	0	0	0
chr1	15256	T	9	0	0	0	0	0	0	0
chr1	15257	G	9	0	0	0	0	0	0	0
chr1	15258	T	9	0	0	0	0	0	0	0
chr1	15259	G	9	0	0	0	0	0	0	0
chr1	15260	C	9	0	0	0	0	0	0	0
chr1	15261	A	9	0	0	0	0	0	0	0
chr1	15262	G	9	0	0	0	0	0	0	0
chr1	15263	C	9	0	0	0	0	0	0	0
chr1	15264	A	9	0	0	0	0	0	0	0
chr1	15265	C	9	0	0	0	0	0	0	0
chr1	15266	C	9	0	0	0	0	0	0	0
chr1	15267	A	9	0	0	0	0	0	0	0
chr1	15268	C	9	0	0	0	0	0	0	0
chr1	15269	T	9	0	0	0	0	0	0	0
chr1	15270	G	9	0	0	0	0	0	0	0
chr1	15271	T	9	0	0	0	0	0	0	0
chr1	15272	A	9	0	0	0	0	0	0	0
chr1	15273	C	9	0	0	0	0	0	0	0
chr1	15274	A	9	0	0	0	0	0	0	0
chr1	15275	A	9	0	0	0	0	0	0	0
chr1	15276	T	9	0	0	0	0	0	0	0
chr1	15277	G	9	0	0	0	0	0	0	0
chr1	15278	G	9	0	0	0	0	0	0	0
chr1	15279	G	9	0	0	0	0	0	0	0
chr1	15280	G	9	0	0	0	0	0	0	0
chr1	15281	A	9	0	0	0	0	0	0	0
chr1	15282	A	9	0	0	0	0	0	0	0
chr1	15283	A	9	0	0	0	0	0	0	0
chr1	15284	C	9	0	0	0	0	0	0	0
chr1	15285	T	9	0	0	0	0	0	0	0
chr1	15286	G	9	0	0	0	0	0	0	0
chr1	15287	G	9	0	0	0	0	0	0	0
chr1	15288	C	9	0	0	0	0	0	0	0
chr1	15289	C	9	0	0	0	0	0	0	0
chr1	15290	C	9	0	0	0	0	0	0	0
chr1	15291	A	9	0	0	0	0	0	0	0
chr1	15292	G	9	0	0	0	0	0	0	0
chr1	15293	A	9	0	0	0	0	0	0	0
chr1	15294	G	9	0	0	0	0	0	0	0
chr1	15295	A	9	0	0	0	0	0	0	0
chr1	15296	G	9	0	0	0	0	0	0	0
chr1	15297	G	9	0	0	0	0	0	0	0
chr1	15298	T	9	0	0	0	0	0	0	0
chr1	15299	G	9	0	0	0	0	0	0	0
chr1	15300	A	9	0	0	0	0	0	0	0
chr1	15301	G	9	0	0	0	0	0	0	0
chr1	15302	G	9	0	0	0	0	0	0	0
chr1	15303	C	9	0	0	0	0	0	0	0
chr1	15304	A	9	0	0	0	0	0	0	0
chr1	15305	G	9	0	0	0	0	0	0	0
chr1	15306	C	9	0	0	0	0	0	0	0
chr1	15307	T	9	0	0	0	0	0	0	0
chr1	15308	T	9	0	0	0	0	0	0	0
chr1	15309	G	9	0	0	0	0	0	0	0
chr1	15310	C	9	0	0	0	0	0	0	0
chr1	15311	C	9	0	0	0	0	0	0	0
chr1	15312	T	9	0	0	0	0	0	0	0
chr1	15313	G	9	0	0	0	0	0	0	0
chr1	15314	G	9	0	0	0	0	0	0	0
chr1	15315	G	9	0	0	0	0	0	0	0
chr1	15316	G	9	0	0	0	0	0	0	0
chr1	15317	T	9	0	0	0	0	0	0	0
chr1	15318	C	9	0	0	0	0	0	0	0
chr1	15319	A	9	0	0	0	0	0	0	0
chr1	15320	C	9	0	0	0	0	0	0	0
chr1	15321	A	9	0	0	0	0	0	0	0
chr1	15322	G	9	0	0	0	0	0	0	0
chr1	15323	A	9	0	0	0	0	0	0	0
chr1	15324	G	9	0	0	0	0	0	0	0
chr1	15325	C	9	0	0	0	0	0	0	0
chr1	15326	A	9	0	0	0	0	0	0	0
chr1	15327	A	9	0	0	0	0	0	0	0
chr1	15328	G	9	0	0	0	0	0	0	0
chr1	15329	G	9	0	0	0	0	0	0	0
chr1	15330	C	9	0	0	0	0	0	0	0
chr1	15331	A	9	0	0	0	0	0	0	0
chr1	15332	A	9	0	0	0	0	0	0	0
chr1	15333	A	9	0	0	0	0	0	0	0
chr1	15334	A	9	0	0	0	0	0	0	0
chr1	15335	G	9	0	0	0	0	0	0	0
chr1	15336	C	9	0	0	0	0	0	0	0
chr1	15337	A	9	0	0	0	0	0	0	0
chr1	15338	G	9	0	0	0	0	0	0	0
chr1	15339	C	9	0	0	0	0	0	0	0
chr1	15340	G	9	0	0	0	0	0	0	0
chr1	15341	C	9	0	0	0	0	0	0	0
chr1	15342	T	9	0	0	0	0	0	0	0
chr1	15343	G	9	0	0	0	0	0	0	0
chr1	15344	G	9	0	0	0	0	0	0	0
chr1	15345	G	9	0	0	0	0	0	0	0
chr1	15346	T	9	0	0	0	0	0	0	0
chr1	15347	A	9	0	0	0	0	0	0	0
chr1	15348	C	9	0	0	0	0	0	0	0
chr1	15349	A	9	0	0	0	0	0	0	0
chr1	15350	A	9	0	0	0	0	0	0	0
chr1	15351	G	9	0	0	0	0	0	0	0
chr1	15352	C	9	0	0	0	0	0	0	0
chr1	15353	T	9	0	0	0	0	0	0	0
chr1	15354	C	9	0	0	0	0	0	0	0
chr1	15355	A	9	0	0	0	0	0	0	0
chr1	15356	A	9	0	0	0	0	0	0	0
chr1	15357	A	9	0	0	0	0	0	0	0
